955
270 84
650 158
712 683
487 949
766 587
547 430
7 4
777 149
493 857
294 247
953 495
105 624
21 9
674 270
209 238
720 753
505 265
185 125
5 706
380 443
897 395
924 766
716 421
498 879
200 317
45 15
177 303
618 864
457 890
112 21
446 43
160 7
257 662
556 521
50 70
32 11
18 26
88 85
351 399
497 216
488 73
869 766
93 609
335 540
121 786
359 187
18 6
665 160
59 28
875 99
830 801
100 918
534 310
555 426
74 105
192 726
490 136
568 480
117 576
719 573
241 272
951 412
257 97
522 817
790 265
170 132
148 414
806 327
70 735
475 550
135 919
273 479
851 33
462 757
634 200
30 799
496 396
66 300
44 118
39 44
485 72
216 469
687 592
9 877
527 498
241 75
139 137
797 393
769 511
188 874
165 90
954 231
145 549
563 741
76 789
23 606
865 779
702 628
801 16
646 557
883 761
946 556
149 11
588 110
342 265
19 253
516 188
3 5
55 52
24 14
68 16
380 322
33 27
248 671
536 632
12 113
24 692
610 815
782 171
493 287
163 176
562 551
1 2
780 853
88 97
208 45
486 520
351 53
699 814
139 407
321 119
932 523
37 34
341 519
344 503
21 75
147 193
514 430
388 389
156 251
258 126
386 532
101 613
906 688
271 331
38 23
581 647
180 175
449 14
816 313
295 275
188 227
92 69
50 100
90 3
923 618
469 901
181 45
620 402
515 102
369 902
736 89
459 794
542 321
1 557
270 285
320 339
671 725
8 264
233 929
484 402
386 335
521 282
121 57
43 860
931 50
483 414
816 866
654 764
95 261
937 588
32 96
146 52
60 45
658 846
5 413
4 12
130 507
38 150
637 562
73 421
17 19
603 545
366 567
293 379
38 312
245 180
231 101
341 47
955 698
627 667
435 841
503 791
527 867
182 54
47 31
233 293
462 755
904 782
889 809
76 109
425 86
317 422
61 848
862 54
152 44
933 235
74 296
583 57
241 739
35 333
112 256
436 133
635 751
135 832
852 480
541 55
215 120
82 134
412 155
595 465
2 36
789 938
283 158
48 101
941 416
575 172
471 743
696 272
269 329
843 473
42 107
439 492
265 132
54 452
111 318
17 95
45 211
487 682
28 58
111 271
482 893
482 614
697 728
829 407
785 210
53 43
688 525
447 19
73 37
64 104
357 915
99 153
805 369
210 633
355 227
514 881
722 522
183 428
79 348
197 247
5 40
646 761
360 381
385 574
658 186
63 77
746 324
11 49
707 681
22 54
478 170
223 684
46 281
217 237
154 66
143 927
25 372
922 545
171 350
298 126
947 101
138 773
148 376
97 800
738 73
43 24
40 83
278 237
196 943
66 82
535 8
58 807
9 8
35 352
678 732
248 158
336 353
605 220
474 410
139 504
558 3
131 140
75 398
494 180
849 154
545 25
552 649
628 202
164 107
418 713
544 237
581 670
136 697
234 166
870 63
392 115
10 11
602 171
1 445
179 426
120 32
166 114
876 163
15 262
199 17
455 37
185 596
30 24
401 486
838 286
530 446
47 400
297 653
438 56
186 487
435 450
708 454
52 57
694 560
394 69
137 274
79 55
385 350
896 470
83 727
812 291
210 64
604 266
179 82
401 415
570 742
157 537
824 810
640 205
326 228
295 584
66 310
679 236
57 796
151 209
147 23
745 283
357 481
480 127
91 420
179 451
717 324
715 243
5 28
87 171
463 591
468 391
76 94
63 76
626 288
62 87
826 662
358 17
23 78
356 162
118 467
508 362
145 156
571 354
413 513
141 80
527 668
432 79
63 41
6 144
287 509
50 16
322 577
630 156
250 39
925 462
98 448
266 177
221 282
762 47
42 5
223 194
456 711
767 7
627 573
129 121
96 676
173 148
190 444
259 9
615 424
280 251
311 44
162 370
56 157
200 456
770 585
52 501
669 238
330 18
691 330
909 66
216 349
417 160
2 132
522 189
611 145
192 171
418 188
163 332
387 506
269 172
651 661
136 35
2 4
443 629
79 277
306 834
595 780
666 788
835 582
350 552
345 314
463 489
174 89
440 87
154 747
289 53
135 57
221 181
433 26
177 323
180 301
371 178
240 10
598 496
60 72
194 159
464 582
373 752
195 106
610 429
184 472
456 768
652 325
25 148
38 205
648 704
214 499
928 139
31 130
239 152
776 464
20 18
322 290
609 695
214 442
314 273
705 289
54 99
498 163
24 91
329 621
106 72
940 53
813 246
704 917
612 292
823 796
183 808
448 578
872 352
840 491
162 76
878 75
559 821
217 112
87 128
427 319
180 201
157 718
178 309
801 884
343 78
445 740
916 602
322 437
433 573
147 714
792 521
290 111
202 85
529 7
77 198
51 579
572 592
196 135
361 802
734 371
460 101
104 390
8 230
276 189
374 222
1 226
772 73
452 563
186 160
409 651
363 403
209 548
385 703
74 183
126 410
179 750
540 644
710 12
21 145
256 518
545 619
38 84
671 921
316 264
175 91
236 891
624 779
663 803
209 463
14 190
35 308
678 105
267 18
609 910
188 79
784 159
188 344
510 169
160 191
128 763
649 787
645 112
445 566
499 660
180 224
395 110
683 8
539 149
642 479
225 13
656 375
609 781
56 297
25 13
709 520
306 760
220 375
40 377
3 13
657 67
113 561
58 287
157 524
354 106
6 325
654 854
765 251
59 66
84 511
228 373
886 826
617 298
62 114
434 424
99 327
871 198
135 593
952 900
473 345
453 91
253 362
139 366
180 360
625 122
296 589
305 53
476 339
880 300
749 863
839 258
104 911
58 873
80 137
86 616
559 819
217 675
10 793
142 858
86 57
573 681
942 377
188 416
220 286
51 71
238 638
428 477
412 569
173 553
150 319
105 279
85 43
484 500
543 77
76 531
415 730
47 599
32 41
58 587
393 570
578 837
169 19
131 861
607 804
158 197
575 585
193 648
89 33
80 78
856 9
899 676
389 690
102 95
108 363
572 447
560 500
235 180
133 42
214 59
70 184
31 35
845 551
49 67
17 10
72 419
166 465
423 354
157 892
459 189
242 28
16 475
207 597
122 46
111 8
660 905
143 100
166 219
7 27
349 677
102 159
659 102
142 827
37 470
386 405
730 895
234 608
945 213
138 397
281 304
724 481
220 218
261 378
32 302
775 480
749 579
119 43
512 108
497 601
930 761
113 388
640 914
247 701
699 520
383 384
672 271
328 113
836 196
455 754
55 110
236 337
103 10
29 23
882 244
119 654
622 56
282 935
639 313
53 254
723 205
284 502
167 92
10 22
350 847
698 40
207 150
517 369
218 6
666 502
8 850
338 401
105 758
774 608
759 218
187 404
314 464
20 313
912 733
58 338
6 5
245 275
744 242
222 175
107 607
383 206
465 733
855 398
177 135
512 894
902 903
184 233
29 831
168 69
126 125
219 273
655 885
685 196
178 81
151 189
913 407
160 246
90 368
367 908
50 61
8 307
113 299
783 749
874 900
291 212
33 138
60 69
408 181
526 228
907 723
5 74
198 471
59 204
124 68
31 14
424 308
52 18
64 39
23 16
811 346
538 580
844 278
391 259
731 295
25 51
2 3
336 680
76 887
320 109
216 79
77 158
7 228
172 50
286 631
643 341
429 68
686 810
234 533
842 60
42 369
163 28
393 26
461 618
76 721
149 334
84 771
13 108
15 2
165 365
141 161
299 439
215 756
347 254
211 635
206 149
127 70
10 81
456 538
712 828
212 46
950 572
577 926
340 207
336 206
125 89
60 131
581 158
93 50
141 203
171 244
382 92
634 720
180 367
948 198
126 268
825 20
163 232
55 564
210 387
939 365
462 25
345 396
56 33
590 243
546 22
263 105
686 78
674 778
34 600
898 303
818 441
430 66
214 252
458 272
167 528
693 438
5 14
181 346
495 242
888 57
559 530
56 123
105 482
315 43
523 57
359 466
324 36
115 57
10 9
501 700
161 229
641 222
116 69
944 670
630 833
255 236